0.547   0.107   0.299
0.646   0.203   0.194
0.87   0.1   0.164
0.384   0.027   0.231
0.576   0.148   0.459
0.149   0.92   0.422
0.689   0.341   0.821
0.489   0.809   0.925
0.631   0.802   0.32
0.389   0.405   0.619
0.077   0.379   0.117
0.962   0.984   0.844
0.393   0.005   0.347
0.337   0.157   0.974
0.3   0.977   0.43
0.493   0.041   0.943
0.622   0.304   0.168
0.641   0.078   0.811
0.485   0.97   0.358
0.626   0.584   0.558
0.649   0.911   0.453
0.96   0.803   0.493
0.074   0.319   0.015
0.416   0.518   0.782
0.278   0.591   0.687
0.764   0.034   0.564
0.139   0.613   0.216
0.122   0.488   0.043
0.805   0.28   0.002
0.136   0.196   0.309
0.852   0.662   0.488
0.803   0.546   0.209
0.449   0.284   0.368
0.011   0.318   0.034
0.332   0.252   0.795
0.908   0.074   0.381
0.705   0.973   0.206
0.776   0.563   0.224
0.031   0.586   0.388
0.37   0.505   0.829
0.589   0.961   0.576
0.709   0.193   0.212
0.978   0.604   0.881
0.542   0.747   0.739
0.861   0.579   0.772
0.438   0.336   0.133
0.686   0.141   0.174
0.346   0.698   0.79
0.657   0.991   0.288
0.209   0.437   0.427
0.263   0.277   0.778
0.833   0.502   0.005
0.367   0.032   0.01
0.831   0.892   0.714
0.211   0.153   0.612
0.418   0.383   0.528
0.721   0.873   0.803
0.702   0.272   0.949
0.504   0.946   0.525
0.895   0.735   0.755
0.125   0.229   0.851
0.168   0.57   0.956
0.17   0.414   0.751
0.566   0.78   0.903
0.216   0.859   0.41
0.314   0.29   0.662
0.797   0.302   0.509
0.556   0.56   0.076
0.915   0.01   0.557
0.587   0.601   0.259
0.48   0.482   0.837
0.33   0.879   0.671
0.509   0.226   0.108
0.616   0.504   0.248
0.336   0.014   0.227
0.12   0.211   0.552
0.24   0.245   0.998
0.77   0.212   0.363
0.091   0.596   0.824
0.385   0.524   0.114
0.192   0.363   0.951
0.854   0.223   0.439
0.219   0.492   0.742
0.118   0.721   0.673
0.991   0.184   0.799
0.692   0.407   0.339
0.166   0.652   0.382
0.08   0.974   0.703
0.372   0.649   0.724
0.426   0.801   0.317
0.067   0.625   0.334
0.41   0.496   0.697
0.497   0.922   0.754
0.538   0.628   0.148
0.671   0.046   0.432
0.688   0.999   0.497
0.462   0.962   0.08
0.26   0.385   0.721
0.845   0.629   0.845
0.414   0.925   0.716
0.994   0.791   0.71
0.226   0.725   0.615
0.737   0.866   0.617
0.746   0.231   0.238
0.952   0.257   0.092
0.264   0.657   0.343
0.409   0.217   0.545
0.901   0.757   0.599
0.027   0.097   0.887
0.311   0.691   0.197
0.215   0.882   0.103
0.319   0.618   0.889
0.806   0.222   0.693
0.984   0.075   0.993
0.152   0.479   0.473
0.884   0.577   0.701
0.293   0.264   0.514
0.243   0.237   0.455
0.01   0.575   0.896
0.005   0.113   0.622
0.228   0.206   0.438
0.726   0.842   0.467
0.794   0.656   0.47
0.938   0.953   0.327
0.012   0.31   0.675
0.668   0.032   0.592
0.376   0.241   0.597
0.609   0.015   0.985
0.27   0.71   0.421
0.292   0.785   0.685
0.825   0.904   0.246
0.83   0.155   0.609
0.593   0.024   0.8
0.599   0.865   0.871
0.225   0.135   0.345
0.378   0.039   0.575
0.103   0.168   0.627
0.801   0.475   0.151
0.756   0.816   0.894
0.099   0.909   0.681
0.221   0.618   0.465
0.665   0.783   0.059
0.008   0.403   0.554
0.753   0.906   0.396
0.868   0.43   0.212
0.174   0.246   0.267
0.969   0.558   0.641
0.361   0.674   0.325
0.342   0.552   0.781
0.793   0.887   0.296
0.698   0.846   0.921
0.657   0.135   0.461
0.55   0.151   0.549
0.369   0.215   0.276
0.155   0.895   0.984
0.27   0.117   0.483
0.245   0.64   0.605
0.718   0.697   0.702
0.101   0.002   0.214
0.196   0.388   0.229
0.62   0.825   0.38
0.441   0.087   0.765
0.558   0.508   0.632
0.934   0.713   0.938
0.402   0.058   0.103
0.46   0.445   0.119
0.55   0.699   0.521
0.487   0.006   0.922
0.334   0.73   0.243
0.519   0.425   0.954
0.249   0.221   0.566
0.85   0.267   0.087
0.807   0.907   0.476
0.54   0.746   0.454
0.612   0.156   0.57
0.997   0.392   0.522
0.679   0.958   0.305
0.396   0.442   0.578
0.518   0.359   0.058
0.91   0.461   0.451
0.654   0.637   0.991
0.877   0.227   0.131
0.865   0.728   0.759
0.323   0.648   0.073
0.865   0.458   0.915
0.321   0.328   0.29
0.183   0.203   0.185
0.995   0.93   0.908
0.607   0.634   0.278
0.555   0.685   0.241
0.015   0.454   0.483
0.543   0.609   0.831
0.523   0.542   0.848
0.758   0.787   0.929
0.115   0.189   0.2
0.198   0.023   0.613
0.88   0.255   0.683
0.038   0.064   0.961
0.941   0.894   0.371
0.624   0.288   0.966
0.148   0.85   0.344
0.939   0.27   0.825
0.413   0.917   0.27
0.252   0.119   0.325
0.643   0.514   0.37
0.05   0.198   0.217
0.508   0.916   0.265
0.061   0.736   0.624
0.26   0.568   0.988
0.818   0.368   0.202
0.16   0.122   0.75
0.23   0.398   0.766
0.748   0.419   0.527
0.784   0.64   0.745
0.527   0.147   0.54
0.789   0.073   0.338
0.179   0.143   0.818
0.388   0.236   0.055
0.423   0.829   0.657
0.664   0.452   0.854
0.613   0.538   0.069
0.594   0.76   0.596
0.921   0.763   0.304
0.885   0.53   0.506
0.406   0.342   0.978
0.778   0.933   0.026
0.644   0.412   0.332
0.408   0.026   0.013
0.467   0.705   0.424
0.565   0.858   0.235
0.951   0.219   0.444
0.957   0.733   0.023
0.363   0.259   0.049
0.571   0.68   0.401
0.675   0.509   0.653
0.082   0.427   0.906
0.778   0.021   0.909
0.89   0.32   0.763
0.447   0.9   0.892
0.284   0.445   0.699
0.989   0.013   0.743
0.126   0.338   0.72
0.771   0.937   0.656
0.065   0.17   0.153
0.062   0.867   0.329
0.143   0.307   0.548
0.506   0.941   0.767
0.836   0.797   0.053
0.24   0.149   0.601
0.267   0.776   0.595
0.857   0.429   0.35
0.821   0.095   0.737
0.33   0.822   0.436
0.161   0.741   0.815
0.851   0.78   0.666
0.762   0.871   0.051
0.352   0.553   0.402
0.404   0.283   0.474
0.705   0.651   0.587
0.562   0.682   0.191
0.811   0.49   0.644
0.248   0.191   0.958
0.204   0.267   0.668
0.968   0.685   0.448
0.295   0.566   0.397
0.437   0.528   0.137
0.707   0.812   0.177
0.69   0.405   0.787
0.23   0.753   0.591
0.424   0.862   0.283
0.652   0.635   0.374
0.429   0.286   0.828
0.208   0.837   0.106
0.927   0.642   0.415
0.266   0.294   0.176
0.021   0.415   0.941
0.045   0.533   0.545
0.681   0.987   0.658
0.307   0.373   0.419
0.002   0.844   0.582
0.451   0.062   0.385
0.825   0.378   0.534
0.74   0.536   0.793
0.765   0.367   0.499
0.058   0.468   0.252
0.503   0.768   0.99
0.628   0.27   0.725
0.381   0.833   0.135
0.569   0.35   0.729
0.949   0.295   0.269
0.539   0.145   0.797
0.279   0.943   0.872
0.054   0.4   0.12
0.699   0.998   0.319
0.513   0.263   0.228
0.02   0.477   0.685
0.071   0.841   0.128
0.533   0.209   0.843
0.98   0.621   0.289
0.297   0.748   0.648
0.799   0.988   0.143
0.834   0.099   0.607
0.92   0.994   0.256
0.481   0.279   0.036
0.548   0.79   0.563
0.469   0.017   0.774
0.917   0.358   0.669
0.618   0.3   0.041
0.025   0.275   0.723
0.814   0.807   0.375
0.08   0.474   0.067
0.634   0.425   0.143
0.178   0.042   0.502
0.637   0.499   0.874
0.733   0.852   0.993
0.858   0.765   0.632
0.195   0.25   0.939
0.304   0.659   0.449
0.696   0.963   0.541
0.198   0.126   0.366
0.847   0.985   0.879
0.176   0.856   0.616
0.129   0.396   0.59
0.452   0.186   0.084
0.897   0.439   0.081
0.975   0.49   0.113
0.988   0.239   0.518
0.18   0.57   0.34
0.029   0.096   0.973
0.073   0.183   0.863
0.303   0.353   0.603
0.946   0.559   0.96
0.787   0.207   0.945
0.105   0.353   0.927
0.154   0.834   0.816
0.715   0.977   0.877
0.351   0.232   0.947
0.38   0.409   0.135
0.476   0.473   0.779
0.782   0.666   0.804
0.471   0.967   0.027
0.133   0.137   0.849
0.813   0.47   0.4
0.443   0.614   0.776
0.055   0.574   0.285
0.905   0.11   0.232
0.535   0.411   0.627
0.466   0.082   0.091
0.893   0.878   0.982
0.36   0.839   0.372
0.34   0.806   0.364
0.719   0.129   0.414
0.165   0.581   0.154
0.629   0.817   0.888
0.058   0.772   0.953
0.34   0.434   0.071
0.121   0.59   0.664
0.0   0.25   0.586
0.91   0.548   0.219
0.421   0.132   0.635
0.186   0.293   0.407
0.356   0.394   0.585
0.162   0.466   0.858
0.602   0.299   0.3
0.257   0.927   0.933
0.393   0.316   0.9
0.296   0.603   0.675
0.138   0.092   0.361
0.446   0.93   0.098
0.318   0.86   0.883
0.723   0.705   0.378
0.092   0.828   0.255
0.443   0.82   0.805
0.483   0.738   0.199
0.033   0.777   0.862
0.357   0.13   0.002
0.573   0.681   0.298
0.754   0.855   0.252
0.391   0.703   0.97
0.237   0.103   0.863
0.022   0.761   0.082
0.524   0.513   0.902
0.743   0.607   0.964
0.032   0.332   0.931
0.236   0.655   0.389
0.53   0.968   0.511
0.317   0.884   0.968
0.364   0.525   0.761
0.842   0.708   0.02
0.791   0.038   0.359
0.895   0.544   0.63
0.172   0.079   0.279
0.767   0.541   0.016
0.873   0.715   0.642
0.579   0.98   0.898
0.743   0.876   0.711
0.143   0.256   0.118
0.299   0.057   0.236
0.347   0.826   0.182
0.325   0.889   0.689
0.039   0.001   0.819
0.399   0.594   0.44
0.676   0.314   0.573
0.491   0.324   0.167
0.419   0.646   0.066
0.636   0.921   0.525
0.7   0.538   0.489
0.536   0.661   0.273
0.567   0.631   0.733
0.203   0.993   0.571
0.127   0.903   0.481
0.839   0.67   0.796
0.93   0.39   0.647
0.145   0.086   0.812
0.287   0.348   0.976
0.015   0.043   0.836
0.924   0.455   0.413
0.585   0.115   0.263
0.964   0.442   0.747
0.574   0.48   0.542
0.972   0.754   0.411
0.516   0.615   0.18
0.684   0.072   0.718
0.899   0.432   0.77
0.713   0.06   0.963
0.881   0.344   0.126
0.577   0.888   0.655
0.608   0.333   0.834
0.052   0.811   0.294
0.926   0.159   0.868
0.913   0.375   0.784
0.15   0.195   0.48
0.741   0.52   0.335
0.98   0.463   0.159
0.455   0.106   0.946
0.024   0.247   0.538
0.761   0.756   0.196
0.93   0.814   0.171
0.133   0.901   0.185
0.956   0.007   0.65
0.065   0.392   0.968
0.604   0.694   0.858
0.495   0.592   0.354
0.552   0.606   0.04
0.874   0.053   0.535
0.04   0.633   0.077
0.5   0.572   0.728
0.736   0.625   0.465
0.816   0.313   0.738
0.914   0.688   0.531
0.582   0.8   0.708
0.188   0.011   0.87
0.855   0.997   0.023
0.595   0.326   0.158
0.085   0.934   0.917
0.84   0.942   0.495
0.747   0.484   0.696
0.281   0.05   0.248
0.111   0.448   0.089
0.822   0.364   0.258
0.903   0.164   0.314
0.668   0.925   0.58
0.651   0.951   0.008
0.661   0.234   0.504
0.955   0.4   0.204
0.787   0.494   0.694
0.235   0.719   0.5
0.562   0.771   0.062
0.728   0.346   0.621
0.457   0.048   0.578
0.514   0.677   0.833
0.173   0.335   0.605
0.283   0.029   0.179
0.402   0.124   0.394
0.987   0.955   0.285
0.131   0.084   0.356
0.247   0.485   0.808
0.158   0.936   0.981
0.935   0.458   0.149
0.005   0.122   0.222
0.51   0.731   0.311
0.672   0.769   0.925
0.883   0.201   0.884
0.973   0.587   0.513
0.383   0.562   0.639
0.309   0.744   0.875
0.232   0.551   0.391
0.312   0.019   0.838
0.922   0.523   0.275
0.474   0.982   0.187
0.493   0.707   0.735
0.435   0.067   0.123
0.076   0.036   0.745
0.62   0.95   0.932
0.838   0.09   0.018
0.107   0.532   0.393
0.961   0.821   0.405
0.559   0.105   0.936
0.398   0.667   0.68
0.5   0.18   0.261
0.759   0.557   0.074
0.876   0.583   0.061
0.598   0.067   0.054
0.107   0.751   0.352
0.827   0.451   0.808
0.344   0.179   0.568
0.943   0.955   0.281
0.306   0.794   0.911
0.035   0.361   0.916
0.932   0.449   0.087
0.983   0.177   0.021
0.993   0.597   0.22
0.275   0.216   0.14
0.324   0.172   0.758
0.999   0.05   0.24
0.112   0.349   0.207
0.846   0.795   0.532
0.461   0.291   0.109
0.273   0.138   0.497
0.349   0.501   0.129
0.274   0.782   0.646
0.601   0.692   0.904
0.097   0.171   0.161
0.094   0.498   0.713
0.432   0.912   0.516
0.531   0.31   0.691
0.683   0.339   0.519
0.61   0.775   0.047
0.045   0.549   0.384
0.355   0.664   0.491
0.818   0.372   0.856
0.117   0.89   0.508
0.254   0.421   0.038
0.206   0.161   0.163
0.887   0.127   0.099
0.049   0.385   0.79
0.289   0.677   0.245
0.251   0.528   0.822
0.068   0.701   0.637
0.286   0.623   0.912
0.677   0.847   0.919
0.796   0.467   0.193
0.781   0.718   0.417
0.772   0.836   0.999
0.184   0.298   0.462
0.087   0.081   0.094
0.75   0.87   0.786
0.483   0.381   0.331
0.097   0.98   0.979
0.522   0.069   0.312
0.14   0.306   0.852
0.223   0.322   0.771
0.73   0.689   0.443
0.086   0.947   0.101
0.948   0.511   0.122
0.81   0.644   0.556
0.365   0.175   0.029
0.584   0.939   0.308
0.906   0.96   0.189
0.201   0.851   0.486
0.431   0.174   0.457
0.477   0.436   0.677
0.213   0.611   0.096
0.591   0.792   0.264
0.659   0.972   0.146
0.694   0.599   0.434
0.731   0.114   0.316
0.435   0.724   0.636
0.662   0.716   0.064
0.256   0.914   0.033
0.632   0.166   0.044
0.427   0.88   0.303
0.453   0.423   0.477
0.58   0.417   0.705
0.871   0.242   0.292
0.976   0.26   0.405
0.218   0.356   0.996
0.966   0.274   0.031
0.088   0.521   0.891
0.374   0.188   0.84
0.862   0.163   0.427
0.648   0.722   0.353
0.639   0.671   0.662
0.327   0.737   0.173
0.735   0.329   0.431
0.943   0.374   0.865
0.525   0.875   0.009
0.472   0.673   0.003
0.464   0.742   0.156
0.715   0.109   0.111
0.724   0.464   0.731
0.109   0.897   0.752
0.191   0.368   0.551
0.889   0.061   0.47
0.042   0.199   0.445
0.017   0.092   0.322
0.774   0.831   0.561
0.711   0.766   0.169
0.189   0.515   0.046
0.047   0.054   0.14
