0.601   0.058   0.452
0.474   0.158   0.136
0.611   0.054   0.617
0.943   0.563   0.068
0.429   0.232   0.915
0.107   0.113   0.208
0.113   0.465   0.017
0.283   0.211   0.335
0.529   0.416   0.081
0.792   0.242   0.666
0.188   0.99   0.447
0.465   0.96   0.003
0.528   0.484   0.58
0.695   0.047   0.002
0.267   0.367   0.251
0.804   0.573   0.581
0.014   0.688   0.039
0.769   0.46   0.963
0.47   0.415   0.231
0.365   0.062   0.312
0.952   0.899   0.35
0.456   0.22   0.455
0.478   0.618   0.007
0.122   0.288   0.958
0.207   0.024   0.774
0.664   0.981   0.641
0.055   0.315   0.818
0.005   0.223   0.162
0.326   0.75   0.217
0.084   0.599   0.586
0.597   0.902   0.878
0.346   0.192   0.17
0.093   0.531   0.301
0.068   0.782   0.374
0.504   0.76   0.027
0.539   0.808   0.095
0.698   0.295   0.964
0.224   0.857   0.078
0.605   0.312   0.721
0.869   0.48   0.975
0.719   0.593   0.021
0.338   0.272   0.36
0.967   0.559   0.854
0.453   0.758   0.049
0.297   0.105   0.294
0.81   0.185   0.042
0.273   0.31   0.778
0.859   0.209   0.625
0.232   0.873   0.493
0.381   0.077   0.041
0.304   0.847   0.858
0.832   0.067   0.179
0.881   0.596   0.749
0.578   0.91   0.468
0.4   0.709   0.873
0.383   0.631   0.604
0.748   0.491   0.397
0.746   0.773   0.796
0.377   0.987   0.313
0.621   0.753   0.559
0.301   0.04   0.544
0.082   0.991   0.712
0.061   0.684   0.497
0.95   0.825   0.288
0.13   0.638   0.358
0.286   0.497   0.686
0.376   0.112   0.053
0.025   0.702   0.01
0.785   0.376   0.47
0.532   0.501   0.457
0.174   0.343   0.71
0.16   0.516   0.044
0.728   0.657   0.083
0.553   0.583   0.238
0.421   0.444   0.515
0.782   0.561   0.667
0.633   0.893   0.522
0.918   0.615   0.481
0.056   0.95   0.27
0.959   0.386   0.787
0.873   0.692   0.62
0.891   0.66   0.121
0.454   0.143   0.811
0.995   0.074   0.656
0.998   0.644   0.979
0.94   0.316   0.73
0.206   0.189   0.658
0.535   0.894   0.544
0.396   0.51   0.09
0.459   0.953   0.733
0.351   0.073   0.34
0.467   0.436   0.015
0.598   0.978   0.101
0.684   0.137   0.48
0.41   0.622   0.326
0.215   0.245   0.946
0.339   0.612   0.138
0.281   0.73   0.033
0.305   0.342   0.763
0.158   0.4   0.822
0.406   0.133   0.756
0.167   0.142   0.432
0.589   0.488   0.406
0.239   0.654   0.39
0.334   0.651   0.938
0.686   0.605   0.948
0.879   0.628   0.519
0.186   0.695   0.12
0.948   0.332   0.25
0.66   0.877   0.37
0.08   0.081   0.495
0.184   0.117   0.629
0.941   0.513   0.994
0.953   0.355   0.072
0.24   0.376   0.599
0.314   0.798   0.808
0.625   0.146   0.867
0.119   0.329   0.689
0.986   0.68   0.836
0.149   0.348   0.549
0.247   0.762   0.354
0.008   0.338   0.589
0.253   0.528   0.932
0.553   0.022   0.777
0.14   0.685   0.329
0.018   0.085   0.913
0.678   0.668   0.271
0.732   0.361   0.264
0.116   0.089   0.252
0.059   0.162   0.673
0.002   0.597   0.761
0.064   0.656   0.944
0.27   0.921   0.725
0.883   0.131   0.92
0.211   0.248   0.692
0.573   0.217   0.171
0.131   0.755   0.795
0.923   0.961   0.126
0.649   0.719   0.557
0.725   0.551   0.052
0.799   0.165   0.55
0.825   0.14   0.144
0.343   0.346   0.844
0.226   0.863   0.092
0.571   0.985   0.99
0.577   0.845   0.595
0.095   0.427   0.813
0.805   0.541   0.02
0.972   0.535   0.444
0.2   0.723   0.832
0.962   0.806   0.38
0.612   0.048   0.157
0.22   0.421   0.942
0.134   0.373   0.194
0.254   0.256   0.652
0.481   0.975   0.528
0.938   0.002   0.029
0.609   0.982   0.368
0.97   0.505   0.907
0.162   0.459   0.929
0.956   0.404   0.321
0.511   0.177   0.859
0.797   0.421   0.379
0.966   0.792   0.206
0.037   0.253   0.754
0.809   0.307   0.983
0.85   0.448   0.41
0.894   0.076   0.837
0.548   0.816   0.392
0.183   0.027   0.185
0.771   0.765   0.616
0.789   0.453   0.273
0.491   0.11   0.899
0.219   0.337   0.592
0.878   0.362   0.577
0.739   0.608   0.621
0.627   0.713   0.77
0.072   0.281   0.986
0.752   0.425   0.425
0.739   0.642   0.786
0.839   0.283   0.56
0.423   0.241   0.209
0.807   0.18   0.837
0.757   0.374   0.385
0.004   0.927   0.059
0.216   0.352   0.851
0.499   0.364   0.633
0.415   0.932   0.924
0.73   0.898   0.852
0.593   0.747   0.968
0.557   0.371   0.572
0.565   0.554   0.473
0.41   0.029   0.985
0.038   0.776   0.93
0.712   0.833   0.309
0.741   0.224   0.755
0.701   0.226   0.552
0.892   0.822   0.884
0.687   0.199   0.834
0.492   0.016   0.688
0.262   0.326   0.4
0.863   0.479   0.66
0.057   0.26   0.203
0.307   0.071   0.613
0.444   0.621   0.565
0.628   0.971   0.886
0.476   0.207   0.567
0.866   0.57   0.083
0.607   0.607   0.133
0.703   0.34   0.855
0.905   0.705   0.363
0.893   0.23   0.974
0.321   0.266   0.192
0.467   0.526   0.959
0.448   0.25   0.879
0.236   0.121   0.118
0.414   0.263   0.106
0.311   0.326   0.372
0.134   0.852   0.215
0.911   0.263   0.822
0.033   0.549   0.699
0.716   0.918   0.626
0.706   0.104   0.219
0.999   0.051   0.405
0.308   0.85   0.248
0.65   0.837   0.875
0.071   0.523   0.801
0.704   0.001   0.254
0.567   0.231   0.751
0.9   0.432   0.529
0.958   0.643   0.352
0.912   0.803   0.639
0.19   0.464   0.768
0.899   0.539   0.978
0.546   0.462   0.725
0.392   0.13   0.912
0.421   0.926   0.727
0.0   0.259   0.67
0.153   0.312   0.304
0.841   0.707   0.919
0.439   0.733   0.43
0.636   0.858   0.648
0.834   0.125   0.714
0.542   0.546   0.519
0.473   0.503   0.308
0.021   0.796   0.766
0.72   0.582   0.825
0.356   0.296   0.685
0.426   0.196   0.402
0.108   0.714   0.743
0.657   0.739   0.623
0.324   0.467   0.75
0.662   0.98   0.634
0.332   0.146   0.496
0.328   0.653   0.887
0.489   0.106   0.03
0.968   0.437   0.476
0.192   0.57   0.144
0.542   0.532   0.805
0.92   0.381   0.266
0.618   0.026   0.799
0.104   0.136   0.224
0.17   0.738   0.865
0.234   0.07   0.221
0.683   0.965   0.797
0.736   0.24   0.292
0.777   0.662   0.894
0.736   0.861   0.097
0.126   0.036   0.698
0.709   0.689   0.764
0.378   0.065   0.868
0.768   0.645   0.772
0.583   0.634   0.391
0.319   0.521   0.469
0.874   0.336   0.263
0.218   0.923   0.504
0.988   0.441   0.223
0.019   0.41   0.113
0.46   0.611   0.591
0.978   0.265   0.152
0.44   0.576   0.562
0.725   0.973   0.246
0.29   0.457   0.422
0.596   0.827   0.197
0.854   0.383   0.717
0.98   0.114   0.168
0.085   0.771   0.896
0.316   0.014   0.026
0.179   0.304   0.449
0.437   0.182   0.341
0.713   0.417   0.396
0.501   0.967   0.281
0.783   0.864   0.817
0.787   0.297   0.892
0.558   0.021   0.72
0.669   0.358   0.464
0.931   0.917   0.627
0.181   0.164   0.245
0.854   0.035   0.883
0.864   0.392   0.916
0.505   0.727   0.49
0.261   0.277   0.864
0.146   0.874   0.373
0.495   0.838   0.11
0.774   0.15   0.24
0.322   0.157   0.583
0.848   0.439   0.706
0.299   0.302   0.415
0.812   0.795   0.935
0.269   0.214   0.228
0.168   0.534   0.675
0.57   0.818   0.649
0.524   0.529   0.177
0.088   0.764   0.603
0.535   0.1   0.729
0.354   0.032   0.694
0.323   0.872   0.95
0.87   0.79   0.388
0.657   0.58   0.257
0.212   0.756   0.925
0.408   0.281   0.147
0.526   0.018   0.585
0.987   0.793   0.486
0.436   0.988   0.98
0.151   0.39   0.781
0.867   0.155   0.175
0.922   0.956   0.516
0.913   0.004   0.748
0.279   0.909   0.767
0.582   0.019   0.358
0.288   0.588   0.927
0.635   0.427   0.131
0.364   0.609   0.82
0.172   0.962   0.668
0.223   0.835   0.038
0.286   0.096   0.296
0.634   0.7   0.383
0.098   0.494   0.261
0.947   0.212   0.876
0.897   0.869   0.596
0.281   0.406   0.19
0.561   0.517   0.23
0.274   0.005   0.398
0.051   0.109   0.678
0.962   0.567   0.607
0.83   0.228   0.839
0.602   0.854   0.149
0.385   0.518   0.167
0.027   0.888   0.696
0.461   0.949   0.829
0.993   0.78   0.902
0.349   0.087   0.742
0.898   0.744   0.594
0.837   0.299   0.244
0.233   0.741   0.056
0.591   0.952   0.508
0.114   0.173   0.691
0.981   0.896   0.183
0.043   0.814   0.506
0.822   0.233   0.61
0.623   0.351   0.574
0.674   0.935   0.095
0.501   0.906   0.154
0.165   0.572   0.897
0.7   0.593   0.428
0.406   0.786   0.349
0.681   0.487   0.881
0.921   0.434   0.344
0.976   0.238   0.919
0.195   0.495   0.213
0.194   0.69   0.682
0.655   0.911   0.588
0.517   0.892   0.849
0.024   0.045   0.067
0.359   0.82   0.841
0.544   0.89   0.446
0.128   0.54   0.365
0.561   0.824   0.509
0.77   0.269   0.304
0.837   0.724   0.024
0.399   0.271   0.322
0.118   0.354   0.991
0.764   0.525   0.376
0.207   0.251   0.403
0.793   0.177   0.334
0.276   0.276   0.568
0.518   0.664   0.87
0.463   0.591   0.555
0.062   0.226   0.102
0.759   0.006   0.286
0.197   0.209   0.738
0.744   0.431   0.157
0.996   0.881   0.189
0.814   0.711   0.83
0.964   0.955   0.158
0.11   0.614   0.723
0.293   0.51   0.325
0.933   0.905   0.803
0.182   0.396   0.605
0.796   0.366   0.464
0.175   0.779   0.423
0.975   0.814   0.069
0.825   0.235   0.129
0.342   0.97   0.238
0.488   0.099   0.954
0.749   0.678   0.436
0.16   0.206   0.242
0.412   0.009   0.337
0.848   0.923   0.065
0.991   0.752   0.701
0.722   0.321   0.503
0.25   0.958   0.394
0.203   0.502   0.662
0.317   0.151   0.324
0.172   0.423   0.302
0.39   0.658   0.744
0.124   0.398   0.664
0.193   0.387   0.085
0.449   0.578   0.735
0.394   0.768   0.961
0.75   0.124   0.438
0.857   0.292   0.193
0.009   0.943   0.846
0.277   0.749   0.032
0.876   0.447   0.673
0.743   0.637   0.524
0.076   0.671   0.347
0.015   0.768   0.54
0.62   0.711   0.196
0.139   0.94   0.049
0.885   0.064   0.277
0.844   0.557   0.437
0.136   0.802   0.339
0.721   0.055   0.636
0.69   0.483   0.153
0.815   0.008   0.812
0.934   0.746   0.076
0.696   0.559   0.058
0.753   0.043   0.6
0.369   0.789   0.307
0.925   0.079   0.704
0.497   0.194   0.825
0.765   0.301   0.534
0.888   0.999   0.16
0.715   0.842   0.227
0.252   0.455   0.1
0.936   0.928   0.14
0.982   0.119   0.64
0.045   0.278   0.967
0.642   0.831   0.956
0.984   0.289   0.466
0.265   0.625   0.491
0.667   0.514   0.055
0.671   0.555   0.791
0.851   0.631   0.969
0.313   0.156   0.65
0.755   0.721   0.739
0.418   0.506   0.108
0.386   0.946   0.562
0.046   0.968   0.808
0.494   0.254   0.531
0.402   0.761   0.165
0.798   0.449   0.737
0.642   0.683   0.785
0.676   0.365   0.45
0.944   0.882   0.484
0.243   0.547   0.206
0.348   0.901   0.861
0.79   0.601   0.117
0.645   0.735   0.173
0.946   0.171   0.087
0.708   0.16   0.618
0.202   0.092   0.909
0.373   0.029   0.411
0.828   0.316   0.933
0.446   0.284   0.696
0.802   0.405   0.293
0.419   0.174   0.345
0.827   0.122   0.793
0.01   0.676   0.578
0.178   0.808   0.124
0.93   0.543   0.279
0.786   0.82   0.502
0.023   0.6   0.642
0.727   0.148   0.937
0.617   0.829   0.68
0.329   0.093   0.479
0.522   0.334   0.783
0.077   0.204   0.459
0.564   0.308   0.233
0.63   0.042   0.13
0.54   0.19   0.9
0.336   0.868   0.857
0.6   0.412   0.953
0.587   0.014   0.948
0.471   0.05   0.387
0.433   0.937   0.537
0.48   0.88   0.073
0.711   0.47   0.074
0.485   0.994   0.601
0.661   0.647   0.526
0.846   0.889   0.183
0.547   0.537   0.983
0.257   0.736   0.487
0.199   0.084   0.775
0.425   0.984   0.381
0.904   0.357   0.426
0.51   0.585   0.316
0.012   0.62   0.905
0.087   0.466   0.556
0.68   0.476   0.333
0.09   0.053   0.827
0.101   0.345   0.863
0.148   0.395   0.951
0.065   0.682   0.546
0.647   0.09   0.187
0.382   0.2   0.046
0.585   0.566   0.274
0.888   0.097   0.972
0.671   0.649   0.91
0.295   0.493   0.111
0.442   0.993   0.176
0.309   0.742   0.202
0.403   0.094   0.76
0.819   0.933   0.524
0.861   0.268   0.011
0.143   0.418   0.062
0.64   0.378   0.905
0.371   0.06   0.212
0.902   0.304   0.408
0.264   0.94   0.779
0.21   0.141   0.163
0.692   0.77   0.847
0.373   0.475   0.06
0.456   0.719   0.352
0.587   0.811   0.441
0.928   0.799   0.092
0.817   0.323   0.941
0.667   0.603   0.035
0.778   0.012   0.142
0.142   0.913   0.008
0.507   0.629   0.258
0.099   0.698   0.547
0.361   0.67   0.889
0.477   0.716   0.063
0.012   0.179   0.283
0.096   0.153   0.536
0.576   0.52   0.716
0.653   0.478   0.285
0.929   0.059   0.366
0.222   0.693   0.499
0.646   0.408   0.518
0.12   0.998   0.894
0.76   0.859   0.022
0.555   0.839   0.965
0.99   0.167   0.18
0.255   0.318   0.297
0.69   0.244   0.441
0.301   0.41   0.443
0.289   0.672   0.542
0.59   0.726   0.377
0.916   0.202   0.63
0.043   0.846   0.013
0.041   0.402   0.923
0.802   0.508   0.226
0.075   0.545   0.331
0.228   0.499   0.539
0.443   0.584   0.635
0.886   0.216   0.362
0.241   0.732   0.804
0.763   0.885   0.319
0.361   0.842   0.564
0.397   0.398   0.571
0.451   0.849   0.235
0.246   0.451   0.656
0.034   0.674   0.262
0.955   0.471   1.0
0.569   0.039   0.707
0.843   0.92   0.745
0.614   0.369   0.418
0.693   0.667   0.663
0.388   0.331   0.473
0.238   0.996   0.201
0.259   0.866   0.511
0.907   0.429   0.646
0.551   0.675   0.313
0.147   0.635   0.484
0.834   0.782   0.654
0.05   0.349   0.105
0.531   0.948   0.61
0.871   0.442   0.994
0.821   0.275   0.644
0.638   0.708   0.475
0.048   0.17   0.683
0.858   0.187   0.356
0.04   0.577   0.434
0.58   0.034   0.977
0.915   0.936   0.299
0.353   0.193   0.713
0.066   0.805   0.139
0.053   0.473   0.815
0.568   0.627   0.006
0.761   0.134   0.416
0.512   0.198   0.792
0.817   0.855   0.702
0.102   0.883   0.498
0.627   0.103   0.413
0.909   0.552   0.512
0.294   0.787   0.758
0.112   0.589   0.088
0.07   0.877   0.843
0.433   0.127   0.199
0.366   0.64   0.461
0.775   0.929   0.733
0.484   0.964   0.997
0.974   0.167   0.872
0.52   0.257   0.71
0.346   0.116   0.613
0.428   0.328   0.236
0.431   0.482   0.121
0.675   0.489   0.454
0.733   0.32   0.002
0.607   0.977   0.677
0.092   0.729   0.016
0.164   0.247   0.46
0.78   0.812   0.43
0.105   0.785   0.421
0.522   0.907   0.255
0.652   0.944   0.939
0.39   0.184   0.047
0.248   0.616   0.891
0.357   0.696   0.997
0.516   0.776   0.214
0.508   0.128   0.114
0.156   0.381   0.276
0.331   0.701   0.134
0.615   0.293   0.532
0.229   0.069   0.327
0.028   0.444   0.268
0.031   0.661   0.104
0.126   0.385   0.79
0.486   0.455   0.079
0.537   0.218   0.416
0.34   0.871   0.318
0.137   0.038   0.126
0.514   0.831   0.989
0.155   0.083   0.036
0.271   0.39   0.281
0.031   0.914   0.289
0.08   0.286   0.148
0.368   0.564   0.576
