0.189   0.182   0.196   0.924   0.351
0.384   0.028   0.41   0.817   0.485
0.152   0.753   0.522   0.317   0.445
0.344   0.211   0.067   0.072   0.029
0.209   0.215   0.061   0.631   0.289
0.421   0.388   0.38   0.566   0.835
0.291   0.098   0.469   0.597   0.899
0.264   0.611   0.024   0.116   0.941
0.494   0.036   0.525   0.352   0.379
0.792   0.554   0.569   0.698   0.051
0.361   0.025   0.231   0.0   0.753
0.785   0.829   0.265   0.046   0.013
0.242   0.262   0.234   0.84   0.226
0.733   0.048   0.159   0.657   0.468
0.254   0.578   0.322   0.196   0.683
0.053   0.876   0.054   0.309   0.772
0.248   0.526   0.414   0.971   0.996
0.989   0.899   0.037   0.895   0.151
0.873   0.285   0.05   0.248   0.933
0.63   0.53   0.812   0.535   0.214
0.577   0.101   0.025   0.596   0.021
0.479   0.082   0.579   0.653   0.369
0.206   0.591   0.202   0.437   0.014
0.861   0.154   0.169   0.516   0.07
0.366   0.991   0.884   0.458   0.048
0.697   0.988   0.03   0.988   0.366
0.747   0.131   0.604   0.158   0.388
0.041   0.694   0.179   0.551   0.303
0.449   0.136   0.057   0.411   0.116
0.557   0.791   0.367   0.441   0.32
0.393   0.681   0.166   0.382   0.016
0.355   0.889   0.624   0.85   0.189
0.985   0.155   0.249   0.898   0.363
0.588   0.381   0.063   0.141   0.245
0.017   0.348   0.772   0.266   0.037
0.457   0.805   0.913   0.581   0.3
0.103   0.45   0.096   0.521   0.476
0.274   0.535   0.912   0.215   0.163
0.077   0.298   0.898   0.05   0.372
0.825   0.344   0.156   0.794   0.417
0.579   0.545   0.949   0.637   0.244
0.16   0.89   0.279   0.054   0.235
0.236   0.604   0.895   0.921   0.616
0.702   0.486   0.125   0.974   0.685
0.954   0.229   0.007   0.829   0.68
0.196   0.744   0.171   0.77   0.945
0.012   0.224   0.08   0.647   0.712
0.225   0.124   0.217   0.406   0.737
0.889   0.767   0.074   0.583   0.272
0.023   0.735   0.034   0.009   0.356
0.226   0.527   0.712   0.087   0.799
0.787   0.328   0.86   0.333   0.411
0.883   0.271   0.704   0.32   0.609
0.215   0.609   0.457   0.28   0.345
0.127   0.474   0.478   0.76   0.489
0.121   0.37   0.708   0.537   0.938
0.383   0.312   0.783   0.089   0.003
0.818   0.122   0.589   0.775   0.925
0.958   0.451   0.076   0.292   0.435
0.436   0.365   0.372   0.245   0.618
0.474   0.523   0.97   0.096   0.808
0.927   0.247   0.364   0.078   0.285
0.179   0.063   0.683   0.801   0.439
0.065   0.343   0.321   0.319   0.811
0.24   0.329   0.104   0.82   0.084
0.157   0.907   0.43   0.919   0.796
0.577   0.095   0.164   0.651   0.574
0.11   0.63   0.487   0.764   0.725
0.936   0.979   0.792   0.852   0.642
0.07   0.072   0.218   0.38   0.284
0.304   0.311   0.426   0.499   0.017
0.609   0.494   0.041   0.9   0.199
0.154   0.565   0.134   0.473   0.92
0.353   0.192   0.224   0.231   0.212
0.621   0.715   0.663   0.588   0.565
0.637   0.819   0.085   0.445   0.326
0.136   0.288   0.191   0.455   0.177
0.545   0.071   0.823   0.977   0.056
0.381   0.176   0.325   1.0   0.951
0.256   0.667   0.517   0.648   0.693
0.35   0.965   0.256   0.333   0.85
0.472   0.725   0.408   0.471   0.825
0.288   0.902   0.56   0.442   0.757
0.079   0.219   0.064   0.923   0.02
0.853   0.267   0.675   0.606   0.723
0.877   0.112   0.071   0.451   0.623
0.133   0.87   0.245   0.19   0.181
0.586   0.203   0.29   0.077   0.358
0.74   0.402   0.891   0.327   0.39
0.655   0.078   0.385   0.314   0.4
0.406   0.729   0.078   0.044   0.916
0.773   0.477   0.155   0.259   0.805
0.634   0.582   0.452   0.656   0.183
0.709   0.638   0.141   0.777   0.219
0.005   0.518   0.858   0.63   0.963
0.107   0.277   0.874   0.836   0.549
0.153   0.515   0.198   0.941   0.99
0.65   0.599   0.304   0.91   0.535
0.706   0.482   0.374   0.17   0.349
0.628   0.763   0.262   0.2   0.814
0.897   0.256   0.252   0.504   0.398
0.244   0.543   0.461   0.745   0.569
0.3   0.975   0.864   0.023   0.678
0.522   0.302   0.358   0.625   0.827
0.205   0.725   0.701   0.916   0.028
0.06   0.473   0.576   0.74   0.671
0.682   0.857   0.391   0.732   0.045
0.464   0.993   0.661   0.027   0.843
0.324   0.904   0.758   0.786   0.311
0.952   0.261   0.072   0.215   0.347
0.85   0.245   0.123   0.013   0.571
0.972   0.552   0.423   0.338   0.16
0.026   0.279   0.226   0.907   0.918
0.817   0.015   0.74   0.013   0.497
0.541   0.138   0.402   0.224   0.453
0.267   0.848   0.138   0.322   0.534
0.115   0.042   0.843   0.619   0.483
0.439   0.331   0.745   0.857   0.306
0.712   0.755   0.537   0.408   0.978
0.814   0.568   0.115   0.757   0.989
0.234   0.119   0.504   0.792   0.312
0.871   0.102   0.817   0.556   0.472
0.178   0.919   0.361   0.422   0.676
0.395   0.07   0.369   0.779   0.475
0.721   0.606   0.678   0.4   0.844
0.021   0.484   0.468   0.351   0.873
0.085   0.234   0.421   0.89   0.451
0.501   0.5   0.702   0.343   0.906
0.091   0.615   0.934   0.344   0.295
0.689   0.443   0.762   0.883   0.266
0.569   0.679   0.746   0.542   0.573
0.965   0.92   0.978   0.108   0.042
0.783   0.026   0.006   0.22   0.331
0.729   0.051   0.247   0.827   0.457
0.977   0.466   0.99   0.952   0.936
0.842   0.741   0.724   0.591   0.081
0.417   0.8   0.109   0.236   0.953
0.618   0.174   0.476   0.233   0.785
0.23   0.854   0.475   0.956   0.18
0.347   0.881   0.654   0.93   0.735
0.963   0.8   0.147   0.432   0.971
0.163   0.148   0.498   0.668   0.805
0.397   0.199   0.045   0.945   0.815
0.009   0.334   0.986   0.336   0.425
0.756   0.429   0.017   0.567   0.869
0.194   0.683   0.851   0.477   0.817
0.776   0.335   0.942   0.368   0.124
0.427   0.885   0.952   0.364   0.164
0.073   0.356   0.495   0.856   0.292
0.414   0.249   0.106   0.914   0.431
0.41   0.85   0.7   0.296   0.77
0.465   0.521   0.672   0.525   0.853
0.441   0.621   0.948   0.791   0.967
0.375   0.834   0.541   0.838   0.867
0.781   0.503   0.998   0.324   0.605
0.335   0.958   0.403   0.937   0.958
0.149   0.376   0.737   0.844   0.823
0.767   0.97   0.522   0.816   0.999
0.737   0.802   0.72   0.134   0.86
0.281   0.695   0.714   0.859   0.471
0.83   0.065   0.418   0.91   0.419
0.343   0.183   0.736   0.381   0.985
0.742   0.916   0.721   0.998   0.633
0.672   0.28   0.508   0.747   0.785
0.143   0.373   0.602   0.041   0.802
0.287   0.008   0.89   0.476   0.627
0.94   0.091   0.367   0.4   0.129
0.113   0.22   0.296   0.145   0.544
0.025   0.812   0.482   0.68   0.793
0.259   0.386   0.557   0.137   0.637
0.313   0.65   0.878   0.891   0.048
0.168   0.179   0.825   0.607   0.325
0.832   0.462   0.98   0.455   0.881
0.922   0.892   0.715   0.384   0.469
0.752   0.967   0.55   0.886   0.23
0.407   0.114   0.343   0.61   0.768
0.422   0.634   0.433   0.489   0.595
0.564   0.923   0.96   0.64   0.871
0.498   0.163   0.642   0.766   0.412
0.742   0.96   0.698   0.43   0.508
0.645   0.427   0.49   0.511   0.445
0.76   0.461   0.906   0.392   0.532
0.727   0.764   0.613   0.263   0.602
0.667   0.773   0.957   0.093   0.156
0.836   0.414   0.081   0.973   0.064
0.034   0.832   0.895   0.341   0.274
0.815   0.625   0.573   0.707   0.948
0.986   0.705   0.278   0.07   0.425
0.251   0.054   0.82   0.396   0.32
0.821   0.997   0.765   0.481   0.652
0.316   0.835   0.656   0.258   0.524
0.489   0.181   0.275   0.071   0.607
0.614   0.573   0.673   0.153   0.092
0.916   0.24   0.798   0.119   0.78
0.678   0.936   0.753   0.742   0.13
0.181   0.105   0.75   0.183   0.926
0.844   0.489   0.929   0.235   0.062
0.141   0.333   0.963   0.661   0.884
0.933   0.127   0.849   0.739   0.809
0.42   0.29   0.902   0.277   0.111
0.672   0.656   0.711   0.39   0.813
0.007   0.645   0.983   0.245   0.153
0.115   0.524   0.787   0.419   0.582
0.083   0.937   0.759   0.993   0.175
0.696   0.787   0.863   0.945   0.25
0.117   0.691   0.209   0.462   0.136
0.119   0.041   0.404   0.724   0.478
0.795   0.945   0.119   0.863   0.086
0.057   0.143   0.353   0.375   0.688
0.604   0.269   0.27   0.038   0.487
0.611   0.11   0.796   0.5   0.689
0.437   0.678   0.687   0.184   0.774
0.717   0.43   0.681   0.042   0.567
0.669   0.352   0.726   0.721   0.279
0.799   0.162   0.801   0.268   0.438
0.845   0.189   0.876   0.967   0.866
0.7   0.081   0.222   0.128   0.928
0.539   0.255   0.831   0.117   0.139
0.777   0.903   0.437   0.303   0.762
0.942   0.72   0.843   0.473   0.962
0.426   0.549   0.982   0.854   0.215
0.648   0.579   0.733   0.952   0.395
0.581   0.195   0.911   0.065   0.375
0.562   0.963   0.571   0.305   0.532
0.276   0.629   0.972   0.807   0.63
0.482   0.714   0.979   0.603   0.498
0.888   0.037   0.023   0.57   0.225
0.93   0.228   0.529   0.034   0.075
0.183   0.649   0.685   0.058   0.167
0.582   0.808   0.184   0.018   0.802
0.88   0.392   0.052   0.111   0.548
0.909   0.601   0.601   0.485   0.389
0.221   0.577   0.502   0.174   0.728
0.193   0.23   0.728   0.217   0.034
0.858   0.218   0.359   0.713   0.62
0.855   0.706   0.825   0.695   0.143
0.369   0.54   0.535   0.13   0.093
0.485   0.57   0.645   0.523   0.764
0.1   0.639   0.114   0.494   0.198
0.172   0.671   0.121   0.02   0.591
0.41   0.455   0.15   0.783   0.551
0.536   0.315   0.996   0.04   0.322
0.915   0.506   0.766   0.519   0.963
0.892   0.307   0.689   0.062   0.423
0.322   0.295   0.479   0.531   0.563
0.723   0.419   0.839   0.299   0.973
0.95   0.099   0.136   0.826   0.396
0.46   0.999   0.751   0.417   0.184
0.824   0.815   0.127   0.866   0.704
0.918   0.094   0.067   0.241   0.614
0.372   0.422   0.76   0.004   0.247
0.513   0.867   0.13   0.372   0.901
0.658   0.665   0.045   0.483   0.997
0.834   0.432   0.886   0.942   0.839
0.468   0.223   0.622   0.294   0.587
0.271   0.364   0.335   0.452   0.103
0.363   0.108   0.282   0.393   0.605
0.921   0.814   0.696   0.804   0.779
0.866   0.761   0.988   0.66   0.125
0.952   0.693   0.904   0.158   0.577
0.77   0.732   0.312   0.269   0.528
0.941   0.997   0.789   0.672   0.761
0.011   0.17   0.093   0.178   0.377
0.967   0.032   0.356   0.15   0.354
0.237   0.073   0.821   0.543   0.864
0.122   0.81   0.383   0.734   0.496
0.134   0.214   0.995   0.425   0.336
0.184   0.674   0.338   0.445   0.593
0.4   0.226   0.781   0.847   0.462
0.624   0.455   0.094   0.164   0.954
0.124   0.718   0.941   0.18   0.449
0.694   0.586   0.144   0.707   0.201
0.98   0.689   0.117   0.413   0.221
0.6   0.76   0.111   0.862   0.009
0.532   0.641   0.434   0.274   0.891
0.602   0.205   0.596   0.654   0.261
0.754   0.481   0.938   0.197   0.269
0.971   0.949   0.347   0.663   0.242
0.869   0.013   0.157   0.42   0.098
0.805   0.498   0.785   0.716   0.433
0.475   0.239   0.584   0.705   0.716
0.904   0.985   0.377   0.937   0.095
0.591   0.169   0.805   0.559   0.792
0.797   0.519   0.206   0.491   0.742
0.283   0.877   0.611   0.572   0.343
0.862   0.511   0.927   0.006   0.315
0.484   0.588   0.518   0.846   0.847
0.511   0.315   0.384   0.688   0.982
0.979   0.581   0.638   0.14   0.517
0.686   0.441   0.13   0.666   0.986
0.839   0.841   0.082   0.435   0.694
0.459   0.74   0.028   0.907   0.923
0.322   0.856   0.946   0.628   0.658
0.603   0.952   0.663   0.13   0.001
0.198   0.688   0.445   0.758   0.611
0.623   0.71   0.351   0.994   0.052
0.187   0.31   0.649   0.347   0.38
0.165   0.942   0.63   0.802   0.559
0.389   0.164   0.047   0.249   0.429
0.074   0.825   0.454   0.67   0.797
0.561   0.771   0.272   0.569   0.729
0.574   0.186   0.355   0.436   0.617
0.029   0.809   0.931   0.701   0.055
0.519   0.667   0.237   0.582   0.751
0.09   0.643   0.02   0.548   0.255
0.822   0.75   0.566   0.329   0.637
0.496   0.132   0.505   0.932   0.005
0.855   0.361   0.636   0.092   0.186
0.894   0.405   0.54   0.414   0.66
0.169   0.663   0.314   0.03   0.581
0.263   0.207   0.618   0.025   0.042
0.358   0.564   0.143   0.888   0.144
0.23   0.358   0.559   0.768   0.674
0.444   0.783   0.866   0.145   0.579
0.925   0.384   0.887   0.533   0.599
0.071   0.623   0.485   0.286   0.776
0.445   0.168   0.45   0.664   0.337
0.666   0.379   0.564   0.209   0.883
0.227   0.117   0.436   0.397   0.298
0.945   0.645   0.336   0.301   0.586
0.961   0.034   0.743   0.493   0.448
0.965   0.251   0.956   0.735   0.309
0.469   0.859   0.425   0.102   0.105
0.507   0.448   0.879   0.264   0.033
0.684   0.425   0.306   0.212   0.267
0.992   0.538   0.33   0.056   0.584
0.339   0.828   0.666   0.427   0.206
0.81   0.319   0.003   0.689   0.383
0.517   0.401   0.029   0.061   0.828
0.594   0.306   0.917   0.339   0.344
0.886   0.006   0.162   0.242   0.072
0.529   0.274   0.734   0.371   0.641
0.584   0.26   0.085   0.08   0.228
0.412   0.71   0.502   0.879   0.238
0.364   0.426   0.193   0.877   0.386
0.736   0.204   0.148   0.082   0.943
0.31   0.893   0.303   0.928   0.554
0.63   0.79   0.903   0.737   0.414
0.636   0.712   0.552   0.723   0.443
0.108   0.32   0.868   0.147   0.589
0.896   0.778   0.251   0.896   0.127
0.92   0.157   0.147   0.715   0.192
0.913   0.533   0.311   0.075   0.505
0.868   0.633   0.222   0.875   0.909
0.554   0.351   0.854   0.068   0.875
0.212   0.698   0.406   0.377   0.408
0.299   0.138   0.756   0.587   0.649
0.156   0.487   0.195   0.015   0.278
0.146   0.322   0.101   0.645   0.666
0.719   0.503   0.274   0.376   0.141
0.027   0.031   0.51   0.155   0.511
0.513   0.439   0.615   0.761   0.255
0.688   0.556   0.802   0.686   0.855
0.456   0.459   0.346   0.518   0.173
0.649   0.232   0.641   0.822   0.405
0.763   0.339   0.568   0.865   0.672
0.674   0.727   0.968   0.577   0.288
0.477   0.773   0.852   0.389   0.491
0.875   0.614   0.307   0.958   0.146
0.394   0.253   0.727   0.814   0.318
0.338   0.116   0.932   0.007   0.979
0.26   0.121   0.257   0.064   0.298
0.39   0.654   0.02   0.172   0.73
0.804   0.95   0.113   0.331   0.699
0.544   0.237   0.837   0.685   0.361
0.91   0.838   0.834   0.832   0.82
0.992   0.929   0.939   0.514   0.655
0.375   0.337   0.183   0.46   0.74
0.85   0.895   0.282   0.691   0.115
0.64   0.019   0.597   0.448   0.025
0.765   0.723   1.0   0.693   0.656
0.404   0.7   0.378   0.839   0.079
0.596   0.079   0.52   0.917   0.149
0.006   0.075   0.815   0.848   0.982
0.714   0.758   0.677   0.226   0.421
0.543   0.47   0.581   0.711   0.97
0.955   0.394   0.63   0.835   0.938
0.31   0.866   0.241   0.346   0.944
0.521   0.052   0.264   0.349   0.502
0.907   0.826   0.976   0.271   0.48
0.592   0.653   0.936   0.843   0.077
0.284   0.913   0.188   0.133   0.044
0.32   0.002   0.959   0.104   0.112
0.78   0.325   0.268   0.192   0.264
0.841   0.304   0.205   0.831   0.333
0.902   0.982   0.738   0.811   0.174
0.69   0.464   0.848   0.502   0.059
0.573   0.009   0.608   0.877   0.169
0.4   0.471   0.528   0.981   0.406
0.548   0.548   0.731   0.358   0.878
0.186   0.54   0.46   0.976   0.857
0.27   0.088   0.951   0.073   0.46
0.248   0.738   0.255   0.729   0.512
0.191   0.575   0.592   0.306   0.898
0.253   0.88   0.55   0.961   0.329
0.505   0.265   0.838   0.512   0.403
0.166   0.956   0.388   0.626   0.556
0.306   0.589   0.392   0.673   0.464
0.176   0.324   0.394   0.369   0.521
0.77   0.933   0.668   0.986   0.217
0.693   0.612   0.632   0.807   0.696
0.076   0.282   0.92   0.726   0.874
0.498   0.885   0.472   0.121   0.48
0.17   0.986   0.443   0.207   0.691
0.998   0.045   0.593   0.614   0.717
0.173   0.088   0.043   0.71   0.542
0.354   0.378   0.057   0.618   0.767
0.402   0.87   0.287   0.154   0.966
0.331   0.862   0.881   0.185   0.79
0.811   0.55   0.102   0.495   0.117
0.434   0.5   0.214   0.925   0.067
0.64   0.045   0.644   0.935   0.719
0.758   0.947   0.008   0.959   0.931
0.568   0.177   0.829   0.744   0.778
0.723   0.382   0.814   0.594   0.625
0.982   0.898   0.753   0.643   0.525
0.619   0.559   0.832   0.9   0.01
0.633   0.017   0.349   0.149   0.825
0.065   0.617   0.259   0.893   0.398
0.775   0.746   0.412   0.962   0.276
0.79   0.437   0.208   0.965   0.54
0.062   0.622   0.883   0.051   0.367
0.332   0.914   0.039   0.463   0.644
0.974   0.435   0.244   0.682   0.647
0.711   0.875   0.492   0.983   0.488
0.388   0.015   0.186   0.311   0.104
0.997   0.038   0.652   0.579   0.494
0.318   0.141   0.974   0.194   0.741
0.418   0.67   0.174   0.498   0.515
0.143   0.192   0.396   0.612   0.836
0.559   0.719   0.013   0.991   0.976
0.83   0.91   0.345   0.527   0.749
0.959   0.657   0.21   0.541   0.888
0.537   0.788   0.372   0.795   0.441
0.662   0.839   0.87   0.902   0.24
0.978   0.989   0.768   0.505   0.994
0.707   0.396   0.181   0.56   0.262
0.351   0.516   0.297   0.574   0.723
0.68   0.113   0.456   0.281   0.27
0.734   0.359   0.492   0.106   0.074
0.003   0.159   0.691   0.699   0.17
0.095   0.975   0.916   0.036   0.03
0.802   0.513   0.609   0.29   0.088
0.431   0.661   0.778   0.427   0.506
0.93   0.022   0.152   0.669   0.058
0.048   0.39   0.77   0.188   0.523
0.994   0.747   0.431   0.882   0.733
0.924   0.557   0.776   0.954   0.373
0.358   0.491   0.261   0.634   0.204
0.223   0.421   0.651   0.812   0.788
0.104   0.444   0.898   0.255   0.465
0.43   0.546   0.919   0.554   0.539
0.644   0.928   0.399   0.356   0.879
0.572   0.397   0.926   0.788   0.833
0.386   0.672   0.016   0.702   0.71
0.527   0.973   0.309   0.19   0.86
0.566   0.242   0.447   0.79   0.988
0.549   0.341   0.62   0.749   0.187
0.05   0.619   0.235   0.639   0.63
0.901   0.798   0.694   0.809   0.026
0.556   0.297   0.29   0.547   0.006
0.787   0.853   0.239   0.205   0.831
0.272   0.907   0.097   0.287   0.341
0.653   0.911   0.908   0.176   0.849
0.946   0.057   0.286   0.325   0.886
0.97   0.093   0.586   0.354   0.747
0.837   0.0   0.799   0.913   0.594
0.139   0.995   0.178   0.136   0.066
0.326   0.561   0.846   0.251   0.303
0.717   0.363   0.893   0.644   0.223
0.033   0.981   0.189   0.313   0.928
0.424   0.411   0.293   0.763   0.52
0.766   0.125   0.494   0.125   0.291
0.242   0.846   0.962   0.047   0.698
0.379   0.354   0.748   0.93   0.374
0.043   0.607   0.788   0.772   0.706
1.0   0.676   0.809   0.681   0.063
0.199   0.732   0.588   0.904   0.625
0.279   0.458   0.0   0.46   0.209
0.726   0.151   0.774   0.211   0.166
0.298   0.637   0.317   0.36   0.912
0.615   0.628   0.794   0.882   0.862
0.051   0.939   0.27   0.825   0.634
0.516   0.409   0.619   0.298   0.819
0.679   0.562   0.707   0.818   0.908
0.899   0.863   0.331   0.87   0.665
0.801   0.05   0.969   0.575   0.203
0.948   0.236   0.464   0.751   0.755
0.035   0.209   0.229   0.534   0.123
0.699   0.769   0.828   0.61   0.036
0.524   0.349   0.544   0.588   0.107
0.491   0.603   0.444   0.088   0.651
0.289   0.213   0.465   0.18   0.957
0.503   0.283   0.628   0.798   0.64
0.893   0.743   0.512   0.1   0.492
0.607   0.822   0.107   0.126   0.327
0.246   0.4   0.011   0.979   0.911
0.126   0.792   0.841   0.094   0.212
0.534   0.781   0.227   0.417   0.95
0.791   0.842   0.575   0.227   0.754
0.665   0.317   0.639   0.204   0.509
0.211   0.173   0.943   0.988   0.701
0.092   0.187   0.722   0.985   0.384
0.988   0.247   0.484   0.868   0.194
0.208   0.059   0.873   0.873   0.514
0.597   0.752   0.173   0.996   0.974
0.653   0.447   0.768   0.539   0.576
0.377   0.479   0.481   0.733   0.787
0.761   0.374   0.924   0.717   0.67
0.081   0.708   0.679   0.085   0.598
0.662   0.29   0.139   0.546   0.681
0.059   0.821   0.3   0.593   0.721
0.88   0.106   0.132   0.1   0.766
0.045   0.393   0.41   0.97   0.022
0.488   0.295   0.532   0.718   0.904
0.462   0.966   0.614   0.949   0.259
0.744   0.084   0.326   0.869   0.19
0.372   0.03   0.686   0.239   0.138
0.675   0.534   0.562   0.621   0.529
0.858   0.755   0.34   0.097   0.195
0.147   0.96   0.332   0.616   0.746
0.746   0.301   0.791   0.552   0.703
0.216   0.508   0.452   0.565   0.659
0.308   0.197   0.511   0.219   0.855
0.014   0.004   0.315   0.781   0.845
0.442   0.978   0.363   0.486   0.914
0.876   0.453   0.242   0.563   0.745
0.137   0.265   0.922   0.165   0.934
0.453   0.849   0.44   0.201   0.903
0.219   0.972   0.44   0.029   0.258
0.551   0.467   0.216   0.8   0.646
0.294   0.888   0.993   0.403   0.099
0.492   0.844   0.546   0.509   0.208
0.864   0.167   0.557   0.053   0.89
0.51   0.766   0.583   0.53   0.233
0.302   0.945   0.428   0.558   0.09
0.087   0.369   0.005   0.163   0.096
0.266   0.408   0.232   0.77   0.896
0.129   0.593   0.657   0.676   0.335
0.934   0.346   0.06   0.142   0.708
0.885   0.83   0.514   0.488   0.083
0.506   0.021   0.387   0.405   0.459
0.848   0.865   0.301   0.524   0.316
0.067   0.417   0.498   0.947   0.12
0.813   0.735   0.125   0.469   0.457
0.044   0.882   0.706   0.169   0.921
0.75   0.598   0.857   0.307   0.428
0.473   0.437   0.032   0.229   0.668
0.202   0.934   0.34   0.728   0.783
0.087   0.149   0.168   0.024   0.713
0.526   0.941   0.807   0.033   0.892
0.33   0.403   0.599   0.203   0.155
0.031   0.067   0.319   0.6   0.41
0.233   0.367   0.578   0.167   0.1
0.217   0.292   0.09   0.467   0.251
0.827   0.593   0.692   0.678   0.613
0.606   0.595   0.013   0.408   0.34
0.315   0.272   0.531   0.002   0.364
0.937   0.686   0.099   0.282   0.758
0.017   0.201   0.991   0.161   0.008
0.906   0.129   0.66   0.115   0.895
0.109   0.066   0.595   0.601   0.993
0.292   0.796   0.547   0.108   0.11
0.131   0.699   0.67   0.252   0.282
0.296   0.818   0.381   0.632   0.558
0.642   0.496   0.397   0.315   0.546
0.368   0.528   0.088   0.122   0.359
0.748   0.776   0.212   0.754   0.04
0.731   0.954   0.176   0.465   0.437
0.341   0.51   0.328   0.605   0.416
0.66   0.805   0.871   0.289   0.308
0.258   0.932   0.415   0.966   0.601
0.16   0.571   0.626   0.637   0.736
0.345   0.086   0.81   0.363   0.239
0.448   0.492   0.203   0.94   0.294
0.201   0.924   0.648   0.507   0.133
0.038   0.276   0.908   0.692   0.454
0.277   0.584   0.462   0.019   0.538
0.055   0.476   0.161   0.449   0.234
0.433   0.66   0.471   0.359   0.281
0.001   0.257   0.285   0.113   0.252
0.482   0.648   0.554   0.365   0.84
0.705   0.702   0.779   0.254   0.135
0.098   0.412   0.035   0.011   0.147
0.328   0.685   0.534   0.276   0.071
0.019   0.144   0.198   0.059   0.501
0.59   0.061   0.543   0.387   0.393
0.096   0.927   0.088   0.431   0.158
0.451   0.058   0.635   0.262   0.71
0.553   0.415   0.855   0.622   0.565
0.625   0.011   0.966   0.783   0.553
0.795   0.783   0.606   0.272   0.561
0.099   0.873   0.049   0.223   0.159
0.531   0.918   0.954   0.778   0.352
0.613   0.779   0.069   0.753   0.685
0.454   0.135   0.295   0.237   0.121
0.808   0.146   0.42   0.388   0.959
0.056   0.795   0.717   0.284   0.229
0.336   0.152   0.524   0.478   0.663
0.037   0.195   0.806   0.439   0.837
