0.63   0.071   0.473   0.743   0.69
0.427   0.606   0.227   0.011   0.3
0.502   0.255   0.11   0.914   0.326
0.945   0.107   0.916   0.293   0.468
0.436   0.489   0.366   0.095   0.332
0.203   0.793   0.684   0.477   0.689
0.149   0.43   0.173   0.951   0.665
0.316   0.27   0.62   0.023   0.283
0.532   0.99   0.048   0.626   0.259
0.798   0.001   0.963   0.412   0.467
0.566   0.959   0.254   0.229   0.596
0.808   0.24   0.335   0.976   0.062
0.489   0.067   0.109   0.838   0.337
0.333   0.514   0.478   0.398   0.522
0.685   0.258   0.958   0.364   0.027
0.564   0.484   0.828   0.532   0.49
0.707   0.426   0.788   0.262   0.975
0.404   0.902   0.026   0.485   0.13
0.481   0.576   0.301   0.529   0.363
0.762   0.238   0.664   0.519   0.195
0.784   0.325   0.831   0.971   0.359
0.498   0.981   0.187   0.89   0.58
0.287   0.828   0.21   0.036   0.737
0.078   0.761   0.083   0.263   0.639
0.394   0.034   0.622   0.207   0.439
0.483   0.029   0.495   0.11   0.375
0.073   0.906   0.884   0.759   0.253
0.868   0.31   0.0   0.953   0.482
0.076   0.061   0.331   0.138   0.267
0.506   0.191   0.404   0.916   0.24
0.158   0.796   0.468   0.342   0.639
0.019   0.77   0.145   0.693   0.417
0.071   0.012   0.964   0.604   0.293
0.343   0.15   0.733   0.008   0.528
0.354   0.377   0.727   0.131   0.599
0.136   0.82   0.975   0.574   0.592
0.206   0.334   0.352   0.558   0.721
0.596   0.927   0.04   0.586   0.939
0.05   0.092   0.388   0.72   0.139
0.108   0.118   0.861   0.353   0.336
0.012   0.171   0.408   0.84   0.618
0.133   0.509   0.068   0.153   0.217
0.654   0.236   0.69   0.968   0.194
0.338   0.627   0.648   0.454   0.245
0.314   0.093   0.864   0.118   0.484
0.43   0.666   0.819   0.636   0.778
0.329   0.059   0.329   0.735   0.569
0.711   0.604   0.6   0.046   0.929
0.115   0.639   0.76   0.089   0.884
0.633   0.087   0.383   0.013   0.96
0.873   0.937   0.294   0.694   0.786
0.724   0.639   0.139   0.742   0.856
0.367   0.353   0.577   0.862   0.318
0.967   0.878   0.758   0.666   0.969
0.516   0.855   0.494   0.304   0.176
0.473   0.911   0.24   0.921   0.04
0.179   0.717   0.121   0.94   0.738
0.53   0.391   0.878   0.436   0.459
0.823   0.521   0.632   0.51   0.891
0.434   0.788   0.187   0.607   0.813
0.866   0.616   0.418   0.086   0.325
0.004   0.199   0.812   0.301   0.254
0.254   0.988   0.1   0.633   0.653
0.068   0.249   0.019   0.664   0.151
0.735   0.991   0.601   0.048   0.358
0.24   0.028   0.062   0.359   0.093
0.844   0.161   0.718   0.167   0.513
0.619   0.535   0.104   0.958   0.403
0.886   0.371   0.061   0.369   0.743
0.55   0.237   0.37   0.809   0.108
0.753   0.151   0.536   0.275   0.841
0.521   0.374   0.325   0.397   0.554
0.751   0.459   0.382   0.592   0.739
0.411   0.41   0.047   0.054   0.902
0.111   0.539   0.02   0.819   0.752
0.33   0.339   0.537   0.006   0.584
0.225   0.605   0.007   0.667   0.2
0.828   0.896   0.014   0.9   0.486
0.952   0.645   0.222   0.502   0.078
0.033   0.952   0.482   0.539   0.299
0.324   0.167   0.717   0.279   0.147
0.168   0.094   0.171   0.69   0.37
0.216   0.668   0.15   0.945   0.934
0.409   0.079   0.18   0.634   0.029
0.444   0.347   0.548   0.403   0.235
0.088   0.898   0.071   0.04   0.581
0.813   0.589   0.556   0.29   0.143
0.757   0.953   0.513   0.745   0.972
0.801   0.544   0.074   0.355   0.741
0.3   0.349   0.757   0.834   0.44
0.732   0.977   0.114   0.193   0.965
0.015   0.12   0.128   0.959   0.101
0.593   0.533   0.823   0.761   0.53
0.438   0.304   0.063   0.228   0.49
0.796   0.209   0.98   0.46   0.91
0.66   0.139   0.74   0.662   0.15
0.92   0.372   0.679   0.223   0.826
0.309   0.647   0.582   0.214   0.434
0.959   0.511   0.339   0.065   0.944
0.453   0.61   0.396   0.384   0.718
0.877   0.674   0.208   0.218   0.453
0.773   0.018   0.211   0.476   0.416
0.893   0.632   0.09   0.364   0.544
0.299   0.655   0.044   0.237   0.274
0.995   0.015   0.135   0.544   0.478
0.997   0.707   0.51   0.716   0.54
0.943   0.882   0.946   0.494   0.179
0.036   0.491   0.778   0.648   0.62
0.497   0.546   0.144   0.654   0.916
0.494   0.381   0.191   0.288   0.331
0.275   0.409   0.052   0.458   0.873
0.223   0.461   0.207   0.752   0.544
0.227   0.415   0.769   0.749   0.642
0.162   0.697   0.948   0.535   0.932
0.048   0.623   0.312   0.487   0.133
0.369   0.778   0.137   0.465   0.648
0.352   0.369   0.309   0.7   0.725
0.265   0.565   0.424   0.192   0.937
0.406   0.109   0.528   0.419   0.341
0.531   0.525   0.658   0.285   0.633
0.377   0.417   0.995   0.66   0.161
0.263   0.389   0.259   0.982   0.097
0.939   0.591   0.356   0.361   0.538
0.949   0.234   0.82   0.114   0.787
0.247   0.217   0.105   0.829   0.272
0.944   0.3   0.119   0.662   0.671
0.954   0.186   0.023   0.025   0.18
0.446   0.203   0.872   0.941   0.365
0.649   0.34   0.703   0.157   0.168
0.986   0.779   0.846   0.678   0.748
0.278   0.677   0.587   0.762   0.573
0.642   0.923   0.06   0.34   0.47
0.887   0.766   0.301   0.018   0.669
0.792   0.96   0.934   0.714   0.222
0.926   0.724   0.156   0.707   0.522
0.672   0.144   0.242   0.802   0.049
0.729   0.021   0.197   0.656   0.154
0.815   0.642   0.646   0.99   0.058
0.838   0.583   0.464   0.985   0.223
0.385   0.986   0.915   0.942   0.38
0.779   0.853   0.277   0.52   0.983
0.616   0.23   0.129   0.769   0.289
0.744   0.344   0.772   0.099   0.822
0.17   0.104   0.224   0.755   0.445
0.54   0.438   0.686   0.92   0.619
0.198   0.423   0.728   0.034   0.412
0.467   0.48   0.923   0.814   0.844
0.177   0.09   0.087   0.79   0.602
0.972   0.975   0.18   0.378   0.815
0.961   0.982   0.853   0.125   0.42
0.239   0.206   0.989   0.299   0.713
0.149   0.297   0.127   0.003   0.261
0.512   0.399   0.826   0.507   0.225
0.12   0.361   0.844   0.372   0.032
0.161   0.482   0.583   0.699   0.693
0.97   0.807   0.945   0.864   0.896
0.691   0.277   0.417   0.395   0.32
0.25   0.776   0.798   0.897   0.313
0.592   0.337   0.564   0.792   0.79
0.194   0.657   0.092   0.504   0.577
0.187   0.273   0.557   0.024   0.799
0.957   0.83   0.57   0.175   0.548
0.543   0.156   0.91   0.781   0.967
0.812   0.782   0.932   0.488   0.802
0.018   0.473   0.349   0.136   0.239
0.965   0.081   0.866   0.448   0.631
0.054   0.369   0.287   0.344   0.111
0.128   0.636   0.269   0.623   0.446
0.557   0.72   0.539   0.208   0.051
0.82   0.146   0.985   0.922   0.758
0.819   0.173   0.848   0.929   0.401
0.858   0.395   0.926   0.598   0.621
0.898   0.664   0.024   0.27   0.756
0.588   0.315   0.645   0.689   0.843
0.064   0.88   0.116   0.551   0.71
0.788   0.405   0.903   0.107   0.065
0.046   0.93   0.163   0.536   0.584
0.803   0.285   0.169   0.539   0.024
0.222   0.934   0.008   0.588   0.75
0.184   0.901   0.053   0.33   0.264
0.885   0.754   0.786   0.891   0.521
0.743   0.135   0.524   0.072   0.41
0.656   0.791   0.986   0.584   0.745
0.477   0.319   0.603   0.84   0.292
0.746   0.213   0.848   0.501   0.121
0.85   0.027   0.229   0.123   0.555
0.13   0.506   0.551   0.196   0.082
0.44   0.178   0.085   0.358   0.541
0.82   0.044   0.219   0.776   0.94
0.768   0.971   0.384   0.427   0.872
0.424   0.163   0.305   0.164   0.765
0.669   0.633   0.858   0.888   0.277
0.43   0.715   0.66   0.433   0.394
0.401   0.251   0.404   0.885   0.904
0.627   0.563   0.926   0.622   0.117
0.607   0.365   0.859   0.906   0.798
0.009   0.298   0.111   0.331   0.067
0.056   0.385   0.554   0.704   0.296
0.037   0.738   0.969   0.674   0.476
0.719   0.86   0.616   0.183   0.558
0.26   0.249   0.499   0.243   0.84
0.713   0.587   0.985   0.893   0.952
0.08   0.735   0.934   0.823   0.25
0.895   0.92   0.765   0.218   0.463
0.002   0.147   0.365   0.438   0.877
0.319   0.073   0.678   0.182   0.516
0.075   0.858   0.593   0.06   0.6
0.336   0.847   0.888   0.095   0.052
0.658   0.473   0.529   0.523   0.026
0.755   0.561   0.642   0.221   0.009
0.503   0.254   0.625   0.32   0.677
0.292   0.702   0.378   0.935   0.347
0.87   0.817   0.609   0.675   0.568
0.637   0.488   0.891   0.389   0.925
0.635   0.032   0.862   0.499   0.59
0.0   0.323   0.096   0.037   0.913
0.288   0.486   0.973   0.035   0.022
0.908   0.233   0.522   0.787   0.781
0.326   0.929   0.53   0.793   0.635
0.701   0.281   0.34   0.114   0.696
0.896   0.669   0.959   0.512   0.992
0.349   0.864   0.177   0.637   0.908
0.426   0.345   0.149   0.424   0.962
0.569   0.584   0.114   0.88   0.36
0.642   0.05   0.195   0.821   0.796
0.911   0.569   0.653   0.911   0.589
0.623   0.813   0.836   0.418   0.372
0.723   0.749   0.713   0.346   0.17
0.999   0.722   0.282   0.947   0.018
0.117   0.678   0.652   0.407   0.31
0.363   0.746   0.428   0.557   0.606
0.348   0.224   0.523   0.211   0.084
0.125   0.494   0.297   0.083   0.83
0.715   0.136   0.882   0.156   0.346
0.608   0.979   0.513   0.867   0.924
0.905   0.635   0.565   0.2   0.724
0.958   0.039   0.308   0.724   0.66
0.913   0.149   0.749   0.149   0.492
0.902   0.458   0.784   0.159   0.503
0.585   0.613   0.247   0.381   0.382
0.044   0.216   0.978   0.967   0.232
0.589   0.688   0.731   0.461   0.636
0.398   0.743   0.913   0.975   0.366
0.473   0.965   0.319   0.431   0.171
0.459   0.869   0.919   0.807   0.137
0.02   0.274   0.45   0.692   0.302
0.5   0.475   0.67   0.765   0.5
0.381   0.054   0.721   0.697   0.453
0.482   0.111   0.688   0.091   0.279
0.68   0.703   0.013   0.831   0.808
0.173   0.661   0.781   0.76   0.993
0.022   0.076   0.61   0.522   0.314
0.359   0.556   0.168   0.709   0.175
0.028   0.367   0.838   0.151   0.213
0.969   0.926   0.618   0.961   0.849
0.582   0.07   0.421   0.141   0.956
0.921   0.973   0.747   0.093   0.774
0.146   0.483   0.761   0.858   0.533
0.47   0.839   0.661   0.579   0.768
0.698   0.42   0.533   0.007   0.499
0.322   0.153   0.392   0.162   0.45
0.741   0.788   0.167   0.001   0.613
0.577   0.221   0.815   0.51   0.789
0.026   0.432   0.57   0.619   0.135
0.175   0.966   0.869   0.429   0.343
0.716   0.867   0.24   0.304   0.334
0.783   0.381   0.412   0.798   0.507
0.104   0.918   0.897   0.216   0.48
0.881   0.005   0.71   0.2   0.965
0.989   0.311   0.873   0.527   0.014
0.485   0.88   0.08   0.612   0.716
0.978   0.383   0.787   0.782   0.85
0.73   0.848   0.639   0.451   0.102
0.233   0.74   0.459   0.61   0.911
0.61   0.744   0.756   0.998   0.122
0.739   0.46   0.079   0.323   0.507
0.861   0.571   0.773   0.277   0.043
0.979   0.194   0.057   0.032   0.441
0.458   0.258   0.452   0.712   0.816
0.72   0.448   0.176   0.701   0.105
0.799   0.084   0.471   0.906   0.214
0.602   0.529   0.606   0.147   0.483
0.689   0.379   0.125   0.176   0.735
0.06   0.227   0.725   0.924   0.193
0.387   0.574   0.899   0.866   0.641
0.934   0.802   0.469   0.401   0.04
0.215   0.047   0.83   0.414   0.113
0.863   0.335   0.895   0.463   0.977
0.139   0.328   0.092   0.811   0.955
0.868   0.52   0.567   0.222   0.209
0.341   0.831   0.81   0.868   0.705
0.534   0.567   0.488   0.077   0.356
0.391   0.7   0.351   0.189   0.235
0.79   0.452   0.195   0.901   0.87
0.855   0.301   0.656   0.775   0.866
0.329   0.876   0.273   0.018   0.819
0.458   0.806   0.52   0.581   0.191
0.243   0.62   0.887   0.875   0.56
0.824   0.77   0.918   0.722   0.513
0.536   0.808   0.26   0.773   0.288
0.183   0.205   0.205   0.466   0.594
0.189   0.989   0.399   0.322   0.712
0.201   0.956   0.867   0.71   0.427
0.244   0.267   0.426   0.679   0.436
0.124   0.002   0.617   0.489   0.668
0.379   0.559   0.939   0.578   0.198
0.236   0.626   0.7   0.236   0.227
0.29   0.963   0.693   0.102   0.783
0.313   0.451   0.414   0.47   0.095
0.372   0.554   0.672   0.355   0.165
0.613   0.592   0.436   0.097   0.852
0.395   0.845   0.732   0.543   0.497
0.573   0.712   0.706   0.393   0.346
0.209   0.528   0.951   0.687   0.651
0.231   0.813   0.735   0.649   0.303
0.099   0.873   0.037   0.818   0.772
0.875   0.549   0.648   0.603   0.565
0.024   0.762   0.507   0.05   0.475
0.445   0.128   0.377   0.835   0.948
0.614   0.861   0.928   0.271   0.128
0.211   0.624   0.445   0.857   0.501
0.562   0.951   0.03   0.439   0.803
0.987   0.43   0.833   0.931   0.189
0.176   0.796   0.39   0.052   0.276
0.872   0.295   0.243   0.863   0.206
0.924   0.751   0.519   0.173   0.228
0.27   0.329   0.98   0.478   0.608
0.356   0.641   0.299   0.945   0.264
0.915   0.314   0.518   0.747   0.187
0.595   0.308   0.796   0.645   0.389
0.325   0.899   0.285   0.242   0.412
0.308   0.828   0.754   0.527   0.926
0.318   0.242   0.454   0.828   0.178
0.661   0.553   0.782   0.956   0.099
0.949   0.774   0.929   0.87   0.695
0.899   0.939   0.835   0.796   0.148
0.475   0.909   0.491   0.799   0.673
0.604   0.615   0.688   0.07   0.731
0.109   0.519   0.056   0.437   0.388
0.737   0.455   0.028   0.786   0.34
0.962   0.567   0.596   0.895   0.034
0.248   0.154   0.879   0.449   0.037
0.045   0.764   0.883   0.168   0.011
0.295   0.534   0.776   0.257   0.385
0.843   0.197   0.447   0.115   0.206
0.259   0.169   0.327   0.225   0.28
0.07   0.159   0.669   0.877   0.0
0.486   0.099   0.251   0.061   0.887
0.132   0.913   0.637   0.447   0.007
0.993   0.895   0.85   0.422   0.652
0.901   0.193   0.59   0.607   0.78
0.849   0.686   0.532   0.996   0.953
0.256   0.834   0.636   0.56   0.455
0.153   0.893   0.709   0.516   0.699
0.98   0.58   0.841   0.309   0.661
0.082   0.838   0.906   0.166   0.425
0.062   0.208   0.627   0.814   0.526
0.52   0.086   0.497   0.343   0.422
0.691   0.04   0.035   0.371   0.373
0.538   0.729   0.233   0.751   0.072
0.159   0.798   0.575   0.35   0.167
0.712   0.102   0.453   0.311   0.322
0.922   0.109   0.768   0.576   0.942
0.365   0.122   0.542   0.884   0.655
0.977   0.2   0.901   0.306   0.755
0.677   0.27   0.345   0.986   0.049
0.371   0.008   0.886   0.772   0.836
0.55   0.759   0.921   0.204   0.219
0.053   0.351   0.011   0.845   0.882
0.303   0.81   0.306   0.366   0.092
0.382   0.45   0.078   0.685   0.562
0.263   0.428   0.626   0.088   0.837
0.524   0.342   0.856   0.082   0.727
0.126   0.886   0.018   0.681   0.683
0.603   0.955   0.394   0.247   0.763
0.057   0.543   0.406   0.531   0.684
0.785   0.906   0.01   0.739   0.054
0.65   0.401   0.333   0.36   0.659
0.848   0.089   0.992   0.468   0.863
0.809   0.825   0.409   0.249   0.413
0.646   0.068   0.875   0.739   0.627
0.617   0.971   0.201   0.213   0.988
0.332   0.278   0.28   0.392   0.839
0.487   0.294   0.04   0.151   0.464
0.757   0.105   0.323   0.496   0.61
0.657   0.526   0.743   0.541   0.571
0.75   0.245   0.842   0.135   0.768
0.997   0.924   0.291   0.179   0.246
0.826   0.492   0.358   0.383   0.33
0.963   0.282   0.817   0.754   0.983
0.767   0.958   0.133   0.706   0.846
0.936   0.176   0.634   0.326   0.95
0.092   0.444   0.489   0.027   0.55
0.975   0.44   0.292   0.86   0.211
0.552   0.68   0.44   0.548   0.679
0.76   0.833   0.429   0.339   0.847
0.42   0.413   0.955   0.198   0.429
0.705   0.392   0.271   0.348   0.298
0.857   0.32   0.701   0.472   0.073
0.992   0.54   0.368   0.645   0.456
0.567   0.691   0.713   0.905   0.328
0.199   0.023   0.681   0.534   0.114
0.346   0.783   0.123   0.329   0.998
0.81   0.119   0.56   0.812   0.525
0.558   0.946   0.75   0.301   0.164
0.726   0.76   0.334   0.927   0.248
0.469   0.523   0.656   0.169   0.324
0.344   0.785   0.344   0.677   0.777
0.762   0.4   0.154   0.594   0.914
0.016   0.719   0.572   0.872   0.882
0.122   0.332   0.375   0.081   0.855
0.274   0.375   0.961   0.267   0.221
0.311   0.048   0.459   0.987   0.859
0.883   0.942   0.214   0.55   0.11
0.591   0.026   0.361   0.572   0.396
0.748   0.142   0.372   0.993   0.154
0.027   0.221   0.738   0.233   0.069
0.192   0.467   0.692   0.004   0.339
0.189   0.113   0.58   0.119   0.672
0.576   0.752   0.792   0.067   0.575
0.64   0.601   0.321   0.59   0.379
0.067   0.804   0.311   0.42   0.519
0.889   0.101   0.39   0.765   0.251
0.854   0.034   0.238   0.245   0.263
0.559   0.115   0.457   0.882   0.4
0.282   0.331   0.443   0.826   0.88
0.727   0.999   0.37   0.143   0.958
0.793   0.363   0.825   0.546   0.017
0.827   0.478   0.102   0.805   0.182
0.94   0.931   0.183   0.133   0.438
0.708   0.288   0.253   0.144   0.075
0.146   0.165   0.629   0.628   0.645
0.929   0.654   0.337   0.251   0.614
0.491   0.261   0.715   0.889   0.99
0.535   0.291   0.574   0.732   0.471
0.781   0.842   0.663   0.552   0.532
0.891   0.132   0.967   0.613   0.876
0.721   0.649   0.956   0.28   0.459
0.114   0.017   0.269   0.411   0.605
0.014   0.548   0.589   0.498   0.906
0.625   0.599   0.623   0.644   0.96
0.94   0.353   0.071   0.206   0.311
0.982   0.66   0.261   0.977   0.829
0.664   0.675   0.806   0.965   0.087
0.984   0.791   0.97   0.481   0.665
0.452   0.464   0.746   0.576   0.705
0.859   0.727   0.605   0.733   0.127
0.766   0.542   0.821   0.671   0.473
0.433   0.947   0.742   0.909   0.35
0.528   0.969   0.124   0.389   0.386
0.116   0.18   0.869   0.938   0.888
0.647   0.772   0.705   0.187   0.509
0.447   0.47   0.516   0.569   0.551
0.422   0.434   0.801   0.883   0.918
0.695   0.537   0.201   0.268   0.021
0.806   0.699   0.322   0.608   0.233
0.335   0.394   0.275   0.409   0.687
0.085   0.887   0.258   0.651   0.976
0.675   0.586   0.651   0.076   0.572
0.573   0.904   0.314   0.18   0.371
0.668   0.631   0.763   0.64   0.096
0.164   0.756   0.937   0.925   0.355
0.947   0.416   0.4   0.595   0.448
0.683   0.435   0.707   0.625   0.557
0.777   0.477   0.809   0.602   0.427
0.738   0.318   0.415   0.506   0.947
0.842   0.17   0.287   0.988   0.995
0.817   0.158   0.473   0.1   0.088
0.284   0.695   0.552   0.639   0.423
0.437   0.822   0.348   0.283   0.972
0.84   0.581   0.447   0.65   0.203
0.293   0.837   0.94   0.442   0.367
0.206   0.629   0.697   0.564   0.678
0.514   0.777   0.506   0.261   0.257
0.933   0.124   0.8   0.63   0.397
0.03   0.356   0.78   0.336   0.708
0.196   0.84   0.256   0.702   0.399
0.606   0.531   0.813   0.491   0.811
0.23   0.614   0.764   0.715   0.602
0.58   0.576   0.905   0.021   0.504
0.096   0.871   0.442   0.616   0.029
0.451   0.726   0.953   0.756   0.624
0.367   0.306   0.95   0.146   0.762
0.879   0.995   0.037   0.568   0.732
0.629   0.498   0.579   0.21   0.729
0.461   0.266   0.034   0.493   0.294
0.043   0.67   0.095   0.8   0.892
0.495   0.891   0.631   0.554   0.495
0.626   0.578   0.563   0.154   0.894
0.562   0.306   0.097   0.052   0.184
0.252   0.471   0.221   0.848   0.208
0.305   0.741   0.248   0.124   0.753
0.492   0.984   0.983   0.726   0.894
0.511   0.683   0.938   0.259   0.985
0.181   0.651   0.791   0.659   0.09
0.524   0.621   0.794   0.381   0.828
0.51   0.125   0.726   0.717   0.979
0.681   0.504   0.525   0.039   0.058
0.087   0.064   0.64   0.79   0.626
0.586   0.556   0.909   0.873   0.999
0.213   0.446   0.598   0.561   0.124
0.907   0.618   0.839   0.816   0.657
0.376   0.61   0.585   0.315   0.7
0.554   0.646   0.775   0.424   0.057
0.06   0.673   0.492   0.847   0.408
0.696   0.005   0.423   0.934   0.785
0.202   0.505   0.972   0.737   0.587
0.415   0.009   0.912   0.877   0.042
0.423   0.992   0.151   0.171   0.921
0.399   0.747   0.303   0.332   0.405
0.833   0.495   0.77   0.029   0.2
0.67   0.936   0.236   0.566   0.444
0.526   0.289   0.682   0.73   0.717
0.172   0.438   0.597   0.918   0.648
0.006   0.517   0.907   0.121   0.537
0.273   0.397   0.481   0.504   0.269
0.462   0.945   0.073   0.628   0.085
0.836   0.785   0.386   0.518   0.937
0.167   0.501   0.666   0.427   0.792
0.663   0.822   0.794   0.042   0.173
0.905   0.814   0.476   0.994   0.801
0.297   0.098   0.854   0.073   0.316
0.404   0.037   0.943   0.842   0.383
0.478   0.704   0.641   0.903   0.578
0.622   0.131   0.193   0.855   0.86
0.279   0.914   0.354   0.77   0.473
0.93   0.658   0.28   0.186   0.156
0.143   0.71   0.592   0.086   0.774
0.832   0.689   0.142   0.375   0.162
0.685   0.723   0.341   0.318   0.867
0.542   0.127   0.744   0.844   0.282
0.408   0.357   0.397   0.064   0.923
0.389   0.705   0.585   0.582   0.722
0.571   0.998   0.892   0.965   0.351
0.243   0.185   0.088   0.104   0.036
0.465   0.865   0.315   0.274   0.256
0.294   0.85   0.723   0.445   0.764
0.674   0.286   0.317   0.837   0.71
0.342   0.196   0.401   0.325   0.748
0.932   0.442   0.231   0.308   0.43
0.926   0.73   0.539   0.784   0.632
0.699   0.736   0.549   0.484   0.23
0.77   0.078   0.898   0.655   0.432
0.598   0.421   0.499   0.456   0.663
0.141   0.39   0.267   0.571   0.793
0.105   0.312   0.966   0.806   0.546
0.144   0.137   0.463   0.779   0.832
0.99   0.019   0.295   0.898   0.805
0.702   0.89   0.466   0.297   0.237
0.065   0.851   0.411   0.851   0.615
0.083   0.418   0.925   0.688   0.319
0.918   0.857   0.434   0.375   0.286
0.092   0.244   0.161   0.254   0.822
0.094   0.691   0.362   0.194   0.719
0.302   0.202   0.19   0.046   0.406
0.466   0.921   0.42   0.669   0.107
0.889   0.685   0.25   0.057   0.563
0.271   0.361   0.544   0.949   0.392
0.269   0.327   0.608   0.954   0.932
0.778   0.818   0.613   0.59   0.688
0.155   0.454   0.677   0.227   0.143
0.208   0.996   0.159   0.016   0.204
0.184   0.871   1.0   0.434   0.595
0.418   0.052   0.558   0.474   0.808
0.955   0.694   0.234   0.6   0.516
0.442   0.799   0.284   0.564   0.877
0.307   0.097   0.504   0.137   0.869
0.39   0.189   0.751   0.03   0.462
0.267   0.596   0.107   0.287   0.391
0.052   0.949   0.141   0.619   0.286
0.852   0.463   0.437   0.768   0.076
0.508   0.211   0.076   0.247   0.511
0.079   0.515   0.182   0.641   0.132
0.36   0.756   0.502   0.683   0.306
0.031   0.94   0.046   0.108   0.495
0.706   0.065   0.068   0.672   0.981
0.28   0.501   0.542   0.931   0.587
0.01   0.651   0.802   0.273   0.996
0.375   0.863   0.477   0.127   0.628
0.285   0.387   0.162   0.386   0.811
0.911   0.889   0.117   0.264   0.078
0.803   0.594   0.005   0.01   0.243
0.845   0.496   0.05   0.294   0.946
0.107   0.885   0.614   0.08   0.623
0.666   0.218   0.066   0.962   0.242
0.392   0.663   0.674   0.596   0.61
0.876   0.933   0.245   0.443   0.552
0.165   0.562   0.993   0.24   0.158
0.417   0.551   0.667   0.778   0.305
0.32   0.965   0.003   0.404   0.902
0.837   0.768   0.503   0.95   0.795
0.219   0.734   0.51   0.188   0.06
0.864   0.508   0.698   0.974   0.272
0.22   0.283   0.364   0.105   0.377
0.62   0.162   0.381   0.16   0.047
0.917   0.182   0.455   0.316   0.188
0.518   0.359   0.042   0.729   0.565
0.089   0.425   0.977   0.062   0.86
0.776   0.512   0.33   0.824   0.487
0.772   0.133   0.719   0.282   0.005
0.678   0.175   0.48   0.075   0.819
0.412   0.35   0.175   0.469   0.93
0.6   0.407   0.827   0.728   0.645
0.583   0.572   0.433   0.416   0.069
0.154   0.053   0.807   0.407   0.046
0.546   0.976   0.131   0.992   0.002
0.831   0.253   0.561   0.296   0.011
0.652   0.733   0.375   0.796   0.988
0.414   0.229   0.545   0.745   0.535
0.151   0.18   0.851   0.068   0.081
0.383   0.824   0.213   0.981   0.824
0.229   0.802   0.486   0.555   0.746
0.456   0.911   0.275   0.852   0.682
0.401   0.188   0.997   0.379   0.064
0.79   0.231   0.877   0.458   0.418
0.973   0.023   0.137   0.91   0.908
0.545   0.058   0.157   0.256   0.702
0.006   0.71   0.165   0.058   0.138
0.04   0.276   0.737   0.97   0.146
0.357   0.184   0.695   0.015   0.692
0.258   0.596   0.027   0.045   0.016
0.764   0.062   0.199   0.13   0.897
0.134   0.408   0.485   1.0   0.033
0.45   0.264   0.462   0.317   0.834
0.639   0.225   0.016   0.291   0.352
0.693   0.042   0.439   0.83   0.77
0.192   0.713   0.216   0.979   0.674
0.749   0.141   0.942   0.253   0.92
0.097   0.215   0.893   0.936   0.186
0.138   0.045   0.004   0.369   0.27
0.041   0.466   0.996   0.312   0.451
0.687   0.681   0.227   0.721   0.141
0.237   0.075   0.153   0.128   0.119
0.634   0.293   0.031   0.231   0.117
0.504   0.875   0.225   0.35   0.853
0.12   0.6   0.674   0.111   0.362
0.795   0.036   0.359   0.402   0.125
0.556   0.264   0.204   0.337   0.699
0.733   0.056   0.185   0.524   0.759
0.234   0.844   0.29   0.394   0.159
0.102   0.013   0.146   0.616   0.886
0.362   0.263   0.804   0.234   0.9
0.644   0.445   0.101   0.513   0.104
0.252   0.007   0.431   0.239   0.013
0.035   0.917   0.347   0.334   0.97
0.351   0.117   0.989   0.853   0.734
0.518   0.323   0.055   0.914   0.53
0.579   0.082   0.263   0.481   0.863
0.548   0.246   0.082   0.177   0.308
0.1   0.404   0.218   0.453   0.004
0.218   0.607   0.265   0.202   0.216
